[info] welcome to sbt 1.9.7 (Ubuntu Java 11.0.30)
[info] loading settings for project riscv-generator-build from plugins.sbt ...
[info] loading project definition from /home/anantgnx/riscv-generator/project
[info] loading settings for project root from build.sbt ...
[info] set current project to %NAME% (in build file:/home/anantgnx/riscv-generator/)
[info] compiling 1 Scala source to /home/anantgnx/riscv-generator/target/scala-2.13/classes ...
[info] done compiling
====================================================================================================
2x2 Matrix Multiply: C = A * B
A=[[1,2],[3,4]]  B=[[5,6],[7,8]]
Expected: C=[[19,22],[43,50]], x10=C[1][1]=50
====================================================================================================
  Cyc |     PC |  x10  x11  x12  x13  x14  x15  x16  x17   x18   x19   x20   x21   x22   x23   x24 |     DC hb hz
----------------------------------------------------------------------------------------------------
    0 | 0x0000 |    0    0    0    0    0    0    0    0     0     0     0     0     0     0     0 | IDLE    0  0
    1 | 0x0004 |    0    0    0    0    0    0    0    0     0     0     0     0     0     0     0 | IDLE    0  0
    2 | 0x0008 |    0    0    0    0    0    0    0    0     0     0     0     0     0     0     0 | IDLE    0  0
    3 | 0x000c |    0    0    0    0    0    0    0    0     0     0     0     0     0     0     0 | IDLE    0  0
    4 | 0x0010 |    0    0    0    0    0    0    0    0     0     0     0     0     0     0     0 | IDLE    0  0
    5 | 0x0014 |    0    0    0    0    0    0    0    0     0     0     0     0     0     0     0 | IDLE    0  0
    6 | 0x0018 |    0    0    0    0    8    0    0    0     0     0     0     0     0     0     0 | IDLE    0  0
    7 | 0x001c |    0    0    0    0    8  128    0    0     0     0     0     0     0     0     0 | IDLE    0  0
    8 | 0x0020 |    0    0    0    0    8  128  144    0     0     0     0     0     0     0     0 | IDLE    0  0
    9 | 0x0024 |    0    0    0    0    8  128  144  160     0     0     0     0     0     0     0 | IDLE    0  0
   10 | 0x0028 |    0    0    0    0    8  128  144  160     0     0     0     0     0     0     0 | IDLE    0  0
   11 | 0x002c |    0    0    0    0    8  128  144  160     0     0     0     0     0     0     0 | IDLE    0  0
   12 | 0x0030 |    0    0    0    0    8  128  144  160     0     0     0     0     0     0     0 | IDLE    0  0
   13 | 0x0034 |    0    0    0    0    8  128  144  160     0     0     0   128     0     0     0 | IDLE    1  0
   14 | 0x0034 |    0    0    0    0    8  128  144  160     0     0     0   128     0     0     0 | REFILL  1  0
   15 | 0x0034 |    0    0    0    0    8  128  144  160     0     0     0   128     0     0     0 | REFILL  1  0
   16 | 0x0034 |    0    0    0    0    8  128  144  160     0     0     0   128     0     0     0 | REFILL  1  0
   17 | 0x0034 |    0    0    0    0    8  128  144  160     0     0     0   128     0     0     0 | REFILL  1  0
   18 | 0x0034 |    0    0    0    0    8  128  144  160     0     0     0   128     0     0     0 | REFILL  1  0
   19 | 0x0034 |    0    0    0    0    8  128  144  160     0     0     0   128     0     0     0 | REFILL  1  0
   20 | 0x0034 |    0    0    0    0    8  128  144  160     0     0     0   128     0     0     0 | REFILL  1  0
   21 | 0x0034 |    0    0    0    0    8  128  144  160     0     0     0   128     0     0     0 | REFILL  1  0
   22 | 0x0034 |    0    0    0    0    8  128  144  160     0     0     0   128     0     0     0 | REFILL  1  0
   23 | 0x0034 |    0    0    0    0    8  128  144  160     0     0     0   128     0     0     0 | REFILL  1  0
   24 | 0x0034 |    0    0    0    0    8  128  144  160     0     0     0   128     0     0     0 | REFILL  1  0
   25 | 0x0034 |    0    0    0    0    8  128  144  160     0     0     0   128     0     0     0 | IDLE    0  0
   26 | 0x0038 |    0    0    0    0    8  128  144  160     0     0     0   128     0     0     0 | IDLE    0  0
   27 | 0x003c |    0    0    0    0    8  128  144  160     0     0     0   128     0     0     0 | IDLE    0  0
   28 | 0x0040 |    0    0    0    0    8  128  144  160     0     0     0   128     0     0     0 | IDLE    0  1
   29 | 0x0040 |    0    0    0    0    8  128  144  160     0     0     0   144     0     0     0 | IDLE    0  0
   30 | 0x0044 |    0    0    0    0    8  128  144  160     0     0     0   144     0     0     0 | IDLE    0  0
   31 | 0x0048 |    0    0    0    0    8  128  144  160     0     0     0   144     0     0     0 | IDLE    0  0
   32 | 0x004c |    0    0    0    0    8  128  144  160     0     0     0   144     0     0     0 | IDLE    0  0
   33 | 0x0050 |    0    0    0    0    8  128  144  160     0     0     0   144     0     0     0 | IDLE    0  0
   34 | 0x0054 |    0    0    0    0    8  128  144  160     0     0     0   144     0     0     0 | IDLE    0  0
   35 | 0x0020 |    0    0    0    4    8  128  144  160     0     0     0   144     0     0     0 | IDLE    0  0
   36 | 0x0024 |    0    0    0    4    8  128  144  160     0     0     0   144     0     1     0 | IDLE    0  0
   37 | 0x0028 |    0    0    0    4    8  128  144  160     0     0     0   144     0     1     0 | IDLE    0  0
   38 | 0x002c |    0    0    0    4    8  128  144  160     0     0     0   144     0     1     0 | IDLE    0  0
   39 | 0x0030 |    0    0    0    4    8  128  144  160     0     0     0   144     0     1     0 | IDLE    0  0
   40 | 0x0034 |    0    0    0    4    8  128  144  160     0     0     0   128     0     1     0 | IDLE    0  0
   41 | 0x0038 |    0    0    0    4    8  128  144  160     0     0     0   132     0     1     0 | IDLE    0  0
   42 | 0x003c |    0    0    0    4    8  128  144  160     0     0     0   132     0     1     0 | IDLE    0  0
   43 | 0x0040 |    0    0    0    4    8  128  144  160     0     0     0   132     8     1     0 | IDLE    0  1
   44 | 0x0040 |    0    0    0    4    8  128  144  160     0     0     0   152     8     1     0 | IDLE    0  0
   45 | 0x0044 |    0    0    0    4    8  128  144  160     0     0     0   152     8     1     0 | IDLE    0  0
   46 | 0x0048 |    0    0    0    4    8  128  144  160     0     0     0   152     8     1     0 | IDLE    0  0
   47 | 0x004c |    0    0    0    4    8  128  144  160     0     0     0   152     8     1     0 | IDLE    0  0
   48 | 0x0050 |    0    0    0    4    8  128  144  160     0     0     0   152     8     1     0 | IDLE    0  0
   49 | 0x0054 |    0    0    0    4    8  128  144  160     0     0     0   152     8     1     0 | IDLE    0  0
   50 | 0x0058 |    0    0    0    8    8  128  144  160     0     0     0   152     8     1     0 | IDLE    0  0
   51 | 0x005c |    0    0    0    8    8  128  144  160     0     0     0   152     8     0     0 | IDLE    0  0
   52 | 0x0060 |    0    0    0    8    8  128  144  160     0     0     0   152     8     0     0 | IDLE    0  0
   53 | 0x0064 |    0    0    0    8    8  128  144  160     0     0     0   160     8     0     0 | IDLE    0  0
   54 | 0x0068 |    0    0    0    8    8  128  144  160     0     0     0   160     8     0     0 | IDLE    0  0
   55 | 0x006c |    0    0    0    8    8  128  144  160     0     0     0   160     8     0     0 | IDLE    0  0
   56 | 0x0018 |    0    0    4    8    8  128  144  160     0     0     0   160     8     0     0 | IDLE    0  0
   57 | 0x001c |    0    0    4    8    8  128  144  160     0     0     0   160     8     1     0 | IDLE    0  0
   58 | 0x0020 |    0    0    4    8    8  128  144  160     0     0     0   160     8     1     0 | IDLE    0  0
   59 | 0x0024 |    0    0    4    8    8  128  144  160     0     0     0   160     8     1     0 | IDLE    0  0
   60 | 0x0028 |    0    0    4    8    8  128  144  160     0     0     0   160     8     1     0 | IDLE    0  0
   61 | 0x002c |    0    0    4    8    8  128  144  160     0     0     0   160     8     1     0 | IDLE    0  0
   62 | 0x0030 |    0    0    4    0    8  128  144  160     0     0     0   160     8     1     0 | IDLE    0  0
   63 | 0x0034 |    0    0    4    0    8  128  144  160     0     0     0   128     8     1     0 | IDLE    0  0
   64 | 0x0038 |    0    0    4    0    8  128  144  160     0     0     0   128     8     1     0 | IDLE    0  0
   65 | 0x003c |    0    0    4    0    8  128  144  160     0     0     0   128     8     1     0 | IDLE    0  0
   66 | 0x0040 |    0    0    4    0    8  128  144  160     0     0     0   128     0     1     0 | IDLE    0  1
   67 | 0x0040 |    0    0    4    0    8  128  144  160     0     0     0   144     0     1     0 | IDLE    0  0
   68 | 0x0044 |    0    0    4    0    8  128  144  160     0     0     0   148     0     1     0 | IDLE    0  0
   69 | 0x0048 |    0    0    4    0    8  128  144  160     0     0     0   148     0     1     0 | IDLE    0  0
   70 | 0x004c |    0    0    4    0    8  128  144  160     0     0     0   148     0     1     0 | IDLE    0  0
   71 | 0x0050 |    0    0    4    0    8  128  144  160     0     0     0   148     0     1     0 | IDLE    0  0
   72 | 0x0054 |    0    0    4    0    8  128  144  160     0     0     0   148     0     1     0 | IDLE    0  0
   73 | 0x0020 |    0    0    4    4    8  128  144  160     0     0     0   148     0     1     0 | IDLE    0  0
   74 | 0x0024 |    0    0    4    4    8  128  144  160     0     0     0   148     0     1     0 | IDLE    0  0
   75 | 0x0028 |    0    0    4    4    8  128  144  160     0     0     0   148     0     1     0 | IDLE    0  0
   76 | 0x002c |    0    0    4    4    8  128  144  160     0     0     0   148     0     1     0 | IDLE    0  0
   77 | 0x0030 |    0    0    4    4    8  128  144  160     0     0     0   148     0     1     0 | IDLE    0  0
   78 | 0x0034 |    0    0    4    4    8  128  144  160     0     0     0   128     0     1     0 | IDLE    0  0
   79 | 0x0038 |    0    0    4    4    8  128  144  160     0     0     0   132     0     1     0 | IDLE    0  0
   80 | 0x003c |    0    0    4    4    8  128  144  160     0     0     0   132     0     1     0 | IDLE    0  0
   81 | 0x0040 |    0    0    4    4    8  128  144  160     0     0     0   132     8     1     0 | IDLE    0  1
   82 | 0x0040 |    0    0    4    4    8  128  144  160     0     0     0   152     8     1     0 | IDLE    0  0
   83 | 0x0044 |    0    0    4    4    8  128  144  160     0     0     0   156     8     1     0 | IDLE    0  0
   84 | 0x0048 |    0    0    4    4    8  128  144  160     0     0     0   156     8     1     0 | IDLE    0  0
   85 | 0x004c |    0    0    4    4    8  128  144  160     0     0     0   156     8     1     0 | IDLE    0  0
   86 | 0x0050 |    0    0    4    4    8  128  144  160     0     0     0   156     8     1     0 | IDLE    0  0
   87 | 0x0054 |    0    0    4    4    8  128  144  160     0     0     0   156     8     1     0 | IDLE    0  0
   88 | 0x0058 |    0    0    4    8    8  128  144  160     0     0     0   156     8     1     0 | IDLE    0  0
   89 | 0x005c |    0    0    4    8    8  128  144  160     0     0     0   156     8     0     0 | IDLE    0  0
   90 | 0x0060 |    0    0    4    8    8  128  144  160     0     0     0   156     8     0     0 | IDLE    0  0
   91 | 0x0064 |    0    0    4    8    8  128  144  160     0     0     0   160     8     0     0 | IDLE    0  0
   92 | 0x0068 |    0    0    4    8    8  128  144  160     0     0     0   164     8     0     0 | IDLE    0  0
   93 | 0x006c |    0    0    4    8    8  128  144  160     0     0     0   164     8     0     0 | IDLE    0  0
   94 | 0x0070 |    0    0    8    8    8  128  144  160     0     0     0   164     8     0     0 | IDLE    0  0
   95 | 0x0074 |    0    0    8    8    8  128  144  160     0     0     0   164     8     0     0 | IDLE    0  0
   96 | 0x0078 |    0    0    8    8    8  128  144  160     0     0     0   164     8     0     0 | IDLE    0  0
   97 | 0x007c |    0    8    8    8    8  128  144  160     0     0     0   164     8     0     0 | IDLE    0  0
   98 | 0x0014 |    0    8    8    8    8  128  144  160     0     0     0   164     8     0    16 | IDLE    0  0
   99 | 0x0018 |    0    8    8    8    8  128  144  160     0     0     0   164     8     1    16 | IDLE    0  0
  100 | 0x001c |    0    8    8    8    8  128  144  160     0     0     0   164     8     1    16 | IDLE    0  0
  101 | 0x0020 |    0    8    8    8    8  128  144  160     0     0     0   164     8     1    16 | IDLE    0  0
  102 | 0x0024 |    0    8    8    8    8  128  144  160     0     0     0   164     8     1    16 | IDLE    0  0
  103 | 0x0028 |    0    8    0    8    8  128  144  160     0     0     0   164     8     1    16 | IDLE    0  0
  104 | 0x002c |    0    8    0    8    8  128  144  160     0     0     0   164     8     1    16 | IDLE    0  0
  105 | 0x0030 |    0    8    0    0    8  128  144  160     0     0     0   164     8     1    16 | IDLE    0  0
  106 | 0x0034 |    0    8    0    0    8  128  144  160     0     0     0   136     8     1    16 | IDLE    0  0
  107 | 0x0038 |    0    8    0    0    8  128  144  160     0     0     0   136     8     1    16 | IDLE    0  0
  108 | 0x003c |    0    8    0    0    8  128  144  160     0     0     0   136     8     1    16 | IDLE    0  0
  109 | 0x0040 |    0    8    0    0    8  128  144  160     0     0     0   136     0     1    16 | IDLE    0  1
  110 | 0x0040 |    0    8    0    0    8  128  144  160     0     0     0   144     0     1    16 | IDLE    0  0
  111 | 0x0044 |    0    8    0    0    8  128  144  160     0     0     0   144     0     1    16 | IDLE    0  0
  112 | 0x0048 |    0    8    0    0    8  128  144  160     0     0     0   144     0     1    16 | IDLE    0  0
  113 | 0x004c |    0    8    0    0    8  128  144  160     0     0     0   144     0     1    16 | IDLE    0  0
  114 | 0x0050 |    0    8    0    0    8  128  144  160     0     0     0   144     0     1    16 | IDLE    0  0
  115 | 0x0054 |    0    8    0    0    8  128  144  160     0     0     0   144     0     1    16 | IDLE    0  0
  116 | 0x0020 |    0    8    0    4    8  128  144  160     0     0     0   144     0     1    16 | IDLE    0  0
  117 | 0x0024 |    0    8    0    4    8  128  144  160     0     0     0   144     0     1    16 | IDLE    0  0
  118 | 0x0028 |    0    8    0    4    8  128  144  160     0     0     0   144     0     1    16 | IDLE    0  0
  119 | 0x002c |    0    8    0    4    8  128  144  160     0     0     0   144     0     1    16 | IDLE    0  0
  120 | 0x0030 |    0    8    0    4    8  128  144  160     0     0     0   144     0     1    16 | IDLE    0  0
  121 | 0x0034 |    0    8    0    4    8  128  144  160     0     0     0   136     0     1    16 | IDLE    0  0
  122 | 0x0038 |    0    8    0    4    8  128  144  160     0     0     0   140     0     1    16 | IDLE    0  0
  123 | 0x003c |    0    8    0    4    8  128  144  160     0     0     0   140     0     1    16 | IDLE    0  0
  124 | 0x0040 |    0    8    0    4    8  128  144  160     0     0     0   140     8     1    16 | IDLE    0  1
  125 | 0x0040 |    0    8    0    4    8  128  144  160     0     0     0   152     8     1    16 | IDLE    0  0
  126 | 0x0044 |    0    8    0    4    8  128  144  160     0     0     0   152     8     1    16 | IDLE    0  0
  127 | 0x0048 |    0    8    0    4    8  128  144  160     0     0     0   152     8     1    16 | IDLE    0  0
  128 | 0x004c |    0    8    0    4    8  128  144  160     0     0     0   152     8     1    16 | IDLE    0  0
  129 | 0x0050 |    0    8    0    4    8  128  144  160     0     0     0   152     8     1    16 | IDLE    0  0
  130 | 0x0054 |    0    8    0    4    8  128  144  160     0     0     0   152     8     1    16 | IDLE    0  0
  131 | 0x0058 |    0    8    0    8    8  128  144  160     0     0     0   152     8     1    16 | IDLE    0  0
  132 | 0x005c |    0    8    0    8    8  128  144  160     0     0     0   152     8     0    16 | IDLE    0  0
  133 | 0x0060 |    0    8    0    8    8  128  144  160     0     0     0   152     8     0    16 | IDLE    0  0
  134 | 0x0064 |    0    8    0    8    8  128  144  160     0     0     0   168     8     0    16 | IDLE    0  0
  135 | 0x0068 |    0    8    0    8    8  128  144  160     0     0     0   168     8     0    16 | IDLE    0  0
  136 | 0x006c |    0    8    0    8    8  128  144  160     0     0     0   168     8     0    16 | IDLE    0  0
  137 | 0x0018 |    0    8    4    8    8  128  144  160     0     0     0   168     8     0    16 | IDLE    0  0
  138 | 0x001c |    0    8    4    8    8  128  144  160     0     0     0   168     8     1    16 | IDLE    0  0
  139 | 0x0020 |    0    8    4    8    8  128  144  160     0     0     0   168     8     1    16 | IDLE    0  0
  140 | 0x0024 |    0    8    4    8    8  128  144  160     0     0     0   168     8     1    16 | IDLE    0  0
  141 | 0x0028 |    0    8    4    8    8  128  144  160     0     0     0   168     8     1    16 | IDLE    0  0
  142 | 0x002c |    0    8    4    8    8  128  144  160     0     0     0   168     8     1    16 | IDLE    0  0
  143 | 0x0030 |    0    8    4    0    8  128  144  160     0     0     0   168     8     1    16 | IDLE    0  0
  144 | 0x0034 |    0    8    4    0    8  128  144  160     0     0     0   136     8     1    16 | IDLE    0  0
  145 | 0x0038 |    0    8    4    0    8  128  144  160     0     0     0   136     8     1    16 | IDLE    0  0
  146 | 0x003c |    0    8    4    0    8  128  144  160     0     0     0   136     8     1    16 | IDLE    0  0
  147 | 0x0040 |    0    8    4    0    8  128  144  160     0     0     0   136     0     1    16 | IDLE    0  1
  148 | 0x0040 |    0    8    4    0    8  128  144  160     0     0     0   144     0     1    16 | IDLE    0  0
  149 | 0x0044 |    0    8    4    0    8  128  144  160     0     0     0   148     0     1    16 | IDLE    0  0
  150 | 0x0048 |    0    8    4    0    8  128  144  160     0     0     0   148     0     1    16 | IDLE    0  0
  151 | 0x004c |    0    8    4    0    8  128  144  160     0     0     0   148     0     1    16 | IDLE    0  0
  152 | 0x0050 |    0    8    4    0    8  128  144  160     0     0     0   148     0     1    16 | IDLE    0  0
  153 | 0x0054 |    0    8    4    0    8  128  144  160     0     0     0   148     0     1    16 | IDLE    0  0
  154 | 0x0020 |    0    8    4    4    8  128  144  160     0     0     0   148     0     1    16 | IDLE    0  0
  155 | 0x0024 |    0    8    4    4    8  128  144  160     0     0     0   148     0     1    16 | IDLE    0  0
  156 | 0x0028 |    0    8    4    4    8  128  144  160     0     0     0   148     0     1    16 | IDLE    0  0
  157 | 0x002c |    0    8    4    4    8  128  144  160     0     0     0   148     0     1    16 | IDLE    0  0
  158 | 0x0030 |    0    8    4    4    8  128  144  160     0     0     0   148     0     1    16 | IDLE    0  0
  159 | 0x0034 |    0    8    4    4    8  128  144  160     0     0     0   136     0     1    16 | IDLE    0  0
  160 | 0x0038 |    0    8    4    4    8  128  144  160     0     0     0   140     0     1    16 | IDLE    0  0
  161 | 0x003c |    0    8    4    4    8  128  144  160     0     0     0   140     0     1    16 | IDLE    0  0
  162 | 0x0040 |    0    8    4    4    8  128  144  160     0     0     0   140     8     1    16 | IDLE    0  1
  163 | 0x0040 |    0    8    4    4    8  128  144  160     0     0     0   152     8     1    16 | IDLE    0  0
  164 | 0x0044 |    0    8    4    4    8  128  144  160     0     0     0   156     8     1    16 | IDLE    0  0
  165 | 0x0048 |    0    8    4    4    8  128  144  160     0     0     0   156     8     1    16 | IDLE    0  0
  166 | 0x004c |    0    8    4    4    8  128  144  160     0     0     0   156     8     1    16 | IDLE    0  0
  167 | 0x0050 |    0    8    4    4    8  128  144  160     0     0     0   156     8     1    16 | IDLE    0  0
  168 | 0x0054 |    0    8    4    4    8  128  144  160     0     0     0   156     8     1    16 | IDLE    0  0
  169 | 0x0058 |    0    8    4    8    8  128  144  160     0     0     0   156     8     1    16 | IDLE    0  0
  170 | 0x005c |    0    8    4    8    8  128  144  160     0     0     0   156     8     0    16 | IDLE    0  0
  171 | 0x0060 |    0    8    4    8    8  128  144  160     0     0     0   156     8     0    16 | IDLE    0  0
  172 | 0x0064 |    0    8    4    8    8  128  144  160     0     0     0   168     8     0    16 | IDLE    0  0
  173 | 0x0068 |    0    8    4    8    8  128  144  160     0     0     0   172     8     0    16 | IDLE    0  0
  174 | 0x006c |    0    8    4    8    8  128  144  160     0     0     0   172     8     0    16 | IDLE    0  0
  175 | 0x0070 |    0    8    8    8    8  128  144  160     0     0     0   172     8     0    16 | IDLE    0  0
  176 | 0x0074 |    0    8    8    8    8  128  144  160     0     0     0   172     8     0    16 | IDLE    0  0
  177 | 0x0078 |    0    8    8    8    8  128  144  160     0     0     0   172     8     0    16 | IDLE    0  0
  178 | 0x007c |    0   16    8    8    8  128  144  160     0     0     0   172     8     0    16 | IDLE    0  0
  179 | 0x0080 |    0   16    8    8    8  128  144  160     0     0     0   172     8     0    16 | IDLE    0  0
  180 | 0x0084 |    0   16    8    8    8  128  144  160     0     0     0   172     8     0    16 | IDLE    1  0
  181 | 0x0084 |    0   16    8    8    8  128  144  160     0     0     0   172     8     0    16 | REFILL  1  0
  182 | 0x0084 |    0   16    8    8    8  128  144  160     0     0     0   172     8     0    16 | REFILL  1  0
  183 | 0x0084 |    0   16    8    8    8  128  144  160     0     0     0   172     8     0    16 | REFILL  1  0
  184 | 0x0084 |    0   16    8    8    8  128  144  160     0     0     0   172     8     0    16 | REFILL  1  0
  185 | 0x0084 |    0   16    8    8    8  128  144  160     0     0     0   172     8     0    16 | REFILL  1  0

[HALT] PC 0x84 stable for 5 cycles — program complete or hung
[HALT] x10 after drain = 0
====================================================================================================
Final x10    : 0  (expected 50)
Cache hits   : 19
Cache misses : 2
Hit rate     : 90.5%
====================================================================================================
[info] TopTest:
[info] RISCV Processor
[info] - should run benchmark *** FAILED ***
[info]   0 did not equal 50 x10 expected 50 got 0 (TopTest.scala:87)
[info] Run completed in 2 minutes, 17 seconds.
[info] Total number of tests run: 1
[info] Suites: completed 1, aborted 0
[info] Tests: succeeded 0, failed 1, canceled 0, ignored 0, pending 0
[info] *** 1 TEST FAILED ***
[error] Failed tests:
[error] 	core.TopTest
[error] (Test / testOnly) sbt.TestsFailedException: Tests unsuccessful
[error] Total time: 143 s (02:23), completed Mar 29, 2026, 12:02:31 PM
